7
0 10 20 30 40 50 60
10 0 15 25 35 45 55
20 15 0 18 28 38 48
30 25 18 0 22 32 42
40 35 28 22 0 26 36
50 45 38 32 26 0 30
60 55 48 42 36 30 0

0 60 55 50 45 40 35
